<?xml version="1.0" encoding="utf-8"?>
<COLLADA xmlns="http://www.collada.org/2005/11/COLLADASchema" version="1.4.1">
  <asset><contributor><author>Mixamo</author><authoring_tool>COLLADA Mixamo exporter</authoring_tool><comments></comments></contributor><created>2019-05-04T15:54:01Z</created><modified>2019-05-04T15:54:01Z</modified><revision></revision><title></title><unit meter="0.010000"/><up_axis>Y_UP</up_axis></asset>
  <library_animations>
    <animation id="mixamorig_Hips-anim" name="mixamorig_Hips"><source id="mixamorig_Hips-Matrix-animation-input"><float_array id="mixamorig_Hips-Matrix-animation-input-array" count="251">

0.000000 0.033333 0.066667 0.100000 0.133333 0.166667 0.200000 0.233333 0.266667 0.300000 0.333333 0.366667 0.400000 0.433333 0.466667 0.500000
0.533333 0.566667 0.600000 0.633333 0.666667 0.700000 0.733333 0.766667 0.800000 0.833333 0.866667 0.900000 0.933333 0.966667 1.000000 1.033333
1.066667 1.100000 1.133333 1.166667 1.200000 1.233333 1.266667 1.300000 1.333333 1.366667 1.400000 1.433333 1.466667 1.500000 1.533333 1.566667
1.600000 1.633333 1.666667 1.700000 1.733333 1.766667 1.800000 1.833333 1.866667 1.900000 1.933333 1.966667 2.000000 2.033333 2.066667 2.100000
2.133333 2.166667 2.200000 2.233333 2.266667 2.300000 2.333333 2.366667 2.400000 2.433333 2.466667 2.500000 2.533333 2.566667 2.600000 2.633333
2.666667 2.700000 2.733333 2.766667 2.800000 2.833333 2.866667 2.900000 2.933333 2.966667 3.000000 3.033333 3.066667 3.100000 3.133333 3.166667
3.200000 3.233333 3.266667 3.300000 3.333333 3.366667 3.400000 3.433333 3.466667 3.500000 3.533333 3.566667 3.600000 3.633333 3.666667 3.700000
3.733333 3.766667 3.800000 3.833333 3.866667 3.900000 3.933333 3.966667 4.000000 4.033333 4.066667 4.100000 4.133333 4.166667 4.200000 4.233333
4.266667 4.300000 4.333333 4.366667 4.400000 4.433333 4.466667 4.500000 4.533333 4.566667 4.600000 4.633333 4.666667 4.700000 4.733333 4.766667
4.800000 4.833333 4.866667 4.900000 4.933333 4.966667 5.000000 5.033333 5.066667 5.100000 5.133333 5.166667 5.200000 5.233333 5.266667 5.300000
5.333333 5.366667 5.400000 5.433333 5.466667 5.500000 5.533333 5.566667 5.600000 5.633333 5.666667 5.700000 5.733333 5.766667 5.800000 5.833333
5.866667 5.900000 5.933333 5.966667 6.000000 6.033333 6.066667 6.100000 6.133333 6.166667 6.200000 6.233333 6.266667 6.300000 6.333333 6.366667
6.400000 6.433333 6.466667 6.500000 6.533333 6.566667 6.600000 6.633333 6.666667 6.700000 6.733333 6.766667 6.800000 6.833333 6.866667 6.900000
6.933333 6.966667 7.000000 7.033333 7.066667 7.100000 7.133333 7.166667 7.200000 7.233333 7.266667 7.300000 7.333333 7.366667 7.400000 7.433333
7.466667 7.500000 7.533333 7.566667 7.600000 7.633333 7.666667 7.700000 7.733333 7.766667 7.800000 7.833333 7.866667 7.900000 7.933333 7.966667
8.000000 8.033333 8.066667 8.100000 8.133333 8.166667 8.200000 8.233333 8.266667 8.300000 8.333333</float_array><technique_common><accessor source="#mixamorig_Hips-Matrix-animation-input-array" count="251"><param name="TIME" type="float"/></accessor></technique_common></source><source id="mixamorig_Hips-Matrix-animation-output-transform"><float_array id="mixamorig_Hips-Matrix-animation-output-transform-array" count="4016">

0.995272 0.093062 0.027807 -0.280344 -0.093515 0.995498 0.015440 103.393036 -0.026245 -0.017967 0.999494 -0.031657 0.000000 0.000000 0.000000 1.000000
0.995263 0.093137 0.027877 -0.268295 -0.093587 0.995493 0.015318 103.395798 -0.026325 -0.017854 0.999494 -0.002415 0.000000 0.000000 0.000000 1.000000
0.995249 0.093232 0.028046 -0.256494 -0.093684 0.995486 0.015229 103.399521 -0.026499 -0.017784 0.999491 0.027222 0.000000 0.000000 0.000000 1.000000
0.995232 0.093348 0.028282 -0.244661 -0.093801 0.995476 0.015154 103.403297 -0.026739 -0.017735 0.999485 0.056759 0.000000 0.000000 0.000000 1.000000
0.995213 0.093475 0.028509 -0.232396 -0.093931 0.995465 0.015071 103.406158 -0.026971 -0.017677 0.999480 0.085400 0.000000 0.000000 0.000000 1.000000
0.995197 0.093609 0.028651 -0.219632 -0.094064 0.995453 0.014979 103.407738 -0.027118 -0.017602 0.999477 0.112442 0.000000 0.000000 0.000000 1.000000
0.995182 0.093757 0.028690 -0.206321 -0.094211 0.995441 0.014898 103.408745 -0.027162 -0.017529 0.999477 0.137723 0.000000 0.000000 0.000000 1.000000
0.995166 0.093933 0.028666 -0.192562 -0.094385 0.995425 0.014845 103.409874 -0.027140 -0.017479 0.999479 0.161546 0.000000 0.000000 0.000000 1.000000
0.995147 0.094144 0.028632 -0.178293 -0.094595 0.995406 0.014811 103.410995 -0.027106 -0.017447 0.999480 0.184236 0.000000 0.000000 0.000000 1.000000
0.995124 0.094388 0.028633 -0.163562 -0.094838 0.995383 0.014768 103.411209 -0.027107 -0.017411 0.999481 0.205690 0.000000 0.000000 0.000000 1.000000
0.995095 0.094667 0.028693 -0.148254 -0.095116 0.995358 0.014687 103.410095 -0.027169 -0.017344 0.999480 0.225415 0.000000 0.000000 0.000000 1.000000
0.995063 0.094981 0.028789 -0.132531 -0.095427 0.995330 0.014546 103.408325 -0.027273 -0.017221 0.999480 0.242934 0.000000 0.000000 0.000000 1.000000
0.995030 0.095308 0.028838 -0.116965 -0.095749 0.995303 0.014319 103.407310 -0.027338 -0.017009 0.999482 0.258103 0.000000 0.000000 0.000000 1.000000
0.995005 0.095599 0.028753 -0.102388 -0.096030 0.995280 0.013990 103.408119 -0.027280 -0.016682 0.999489 0.271102 0.000000 0.000000 0.000000 1.000000
0.994990 0.095809 0.028546 -0.089289 -0.096225 0.995267 0.013572 103.411110 -0.027111 -0.016251 0.999500 0.282224 0.000000 0.000000 0.000000 1.000000
0.994986 0.095911 0.028345 -0.077088 -0.096311 0.995265 0.013101 103.416183 -0.026954 -0.015765 0.999512 0.291820 0.000000 0.000000 0.000000 1.000000
0.994988 0.095907 0.028289 -0.064314 -0.096293 0.995273 0.012614 103.422966 -0.026945 -0.015274 0.999520 0.300531 0.000000 0.000000 0.000000 1.000000
0.994993 0.095826 0.028411 -0.049793 -0.096201 0.995288 0.012132 103.430511 -0.027114 -0.014804 0.999523 0.309281 0.000000 0.000000 0.000000 1.000000
0.994996 0.095724 0.028630 -0.033765 -0.096089 0.995304 0.011672 103.437119 -0.027379 -0.014365 0.999522 0.318834 0.000000 0.000000 0.000000 1.000000
0.994996 0.095661 0.028843 -0.017395 -0.096018 0.995316 0.011256 103.441139 -0.027631 -0.013969 0.999521 0.329290 0.000000 0.000000 0.000000 1.000000
0.994991 0.095671 0.028996 -0.001759 -0.096020 0.995320 0.010905 103.442429 -0.027817 -0.013634 0.999520 0.340092 0.000000 0.000000 0.000000 1.000000
0.994981 0.095740 0.029095 0.012816 -0.096083 0.995317 0.010626 103.442581 -0.027942 -0.013368 0.999520 0.350531 0.000000 0.000000 0.000000 1.000000
0.994971 0.095824 0.029145 0.026545 -0.096162 0.995311 0.010414 103.444061 -0.028010 -0.013164 0.999521 0.360051 0.000000 0.000000 0.000000 1.000000
0.994967 0.095889 0.029103 0.039756 -0.096221 0.995307 0.010261 103.448044 -0.027983 -0.013009 0.999524 0.368013 0.000000 0.000000 0.000000 1.000000
0.994969 0.095920 0.028903 0.052717 -0.096248 0.995306 0.010145 103.453735 -0.027795 -0.012875 0.999531 0.373377 0.000000 0.000000 0.000000 1.000000
0.994979 0.095937 0.028517 0.065832 -0.096256 0.995306 0.010026 103.459229 -0.027421 -0.012720 0.999543 0.374949 0.000000 0.000000 0.000000 1.000000
0.994989 0.095982 0.027996 0.079457 -0.096289 0.995305 0.009864 103.462402 -0.026918 -0.012510 0.999559 0.372025 0.000000 0.000000 0.000000 1.000000
0.994993 0.096103 0.027437 0.093678 -0.096398 0.995296 0.009660 103.462410 -0.026380 -0.012257 0.999577 0.364825 0.000000 0.000000 0.000000 1.000000
0.994987 0.096320 0.026912 0.108543 -0.096605 0.995278 0.009475 103.459885 -0.025873 -0.012027 0.999593 0.354364 0.000000 0.000000 0.000000 1.000000
0.994972 0.096600 0.026429 0.124106 -0.096877 0.995252 0.009380 103.456566 -0.025397 -0.011894 0.999607 0.342090 0.000000 0.000000 0.000000 1.000000
0.994957 0.096884 0.025953 0.140551 -0.097156 0.995225 0.009404 103.454033 -0.024918 -0.011878 0.999619 0.329531 0.000000 0.000000 0.000000 1.000000
0.994946 0.097132 0.025467 0.158100 -0.097400 0.995200 0.009518 103.452911 -0.024420 -0.011950 0.999630 0.317952 0.000000 0.000000 0.000000 1.000000
0.994936 0.097348 0.024999 0.176779 -0.097614 0.995177 0.009671 103.452820 -0.023937 -0.012062 0.999641 0.307953 0.000000 0.000000 0.000000 1.000000
0.994926 0.097553 0.024627 0.196265 -0.097819 0.995156 0.009827 103.452827 -0.023549 -0.012186 0.999648 0.299245 0.000000 0.000000 0.000000 1.000000
0.994910 0.097760 0.024441 0.216219 -0.098027 0.995134 0.009961 103.452225 -0.023348 -0.012306 0.999652 0.291025 0.000000 0.000000 0.000000 1.000000
0.994889 0.097964 0.024490 0.236708 -0.098234 0.995112 0.010062 103.450966 -0.023384 -0.012417 0.999649 0.282840 0.000000 0.000000 0.000000 1.000000
0.994863 0.098163 0.024739 0.257705 -0.098438 0.995091 0.010155 103.449921 -0.023620 -0.012538 0.999642 0.275300 0.000000 0.000000 0.000000 1.000000
0.994835 0.098354 0.025086 0.278972 -0.098636 0.995070 0.010295 103.449989 -0.023950 -0.012716 0.999632 0.269735 0.000000 0.000000 0.000000 1.000000
0.994810 0.098531 0.025410 0.300377 -0.098823 0.995049 0.010524 103.451225 -0.024247 -0.012980 0.999622 0.267075 0.000000 0.000000 0.000000 1.000000
0.994789 0.098688 0.025616 0.321922 -0.098991 0.995029 0.010828 103.452682 -0.024421 -0.013307 0.999613 0.266925 0.000000 0.000000 0.000000 1.000000
0.994773 0.098831 0.025676 0.343347 -0.099142 0.995011 0.011141 103.453217 -0.024447 -0.013628 0.999608 0.267841 0.000000 0.000000 0.000000 1.000000
0.994760 0.098974 0.025640 0.363345 -0.099291 0.994993 0.011407 103.452881 -0.024382 -0.013893 0.999606 0.268551 0.000000 0.000000 0.000000 1.000000
0.994745 0.099127 0.025614 0.380248 -0.099449 0.994975 0.011626 103.452774 -0.024333 -0.014112 0.999604 0.269040 0.000000 0.000000 0.000000 1.000000
0.994727 0.099286 0.025696 0.392620 -0.099615 0.994955 0.011852 103.453751 -0.024390 -0.014349 0.999600 0.270536 0.000000 0.000000 0.000000 1.000000
0.994707 0.099429 0.025914 0.400413 -0.099768 0.994937 0.012137 103.455910 -0.024576 -0.014658 0.999590 0.274400 0.000000 0.000000 0.000000 1.000000
0.994689 0.099535 0.026220 0.404744 -0.099887 0.994920 0.012481 103.458321 -0.024845 -0.015034 0.999578 0.281067 0.000000 0.000000 0.000000 1.000000
0.994672 0.099613 0.026545 0.406868 -0.099979 0.994907 0.012839 103.459854 -0.025131 -0.015424 0.999565 0.290098 0.000000 0.000000 0.000000 1.000000
0.994656 0.099698 0.026843 0.407346 -0.100077 0.994893 0.013167 103.459671 -0.025393 -0.015783 0.999553 0.301122 0.000000 0.000000 0.000000 1.000000
0.994636 0.099819 0.027109 0.406077 -0.100210 0.994875 0.013470 103.457817 -0.025626 -0.016114 0.999542 0.314332 0.000000 0.000000 0.000000 1.000000
0.994615 0.099959 0.027358 0.403116 -0.100363 0.994856 0.013777 103.455177 -0.025840 -0.016449 0.999531 0.329876 0.000000 0.000000 0.000000 1.000000
0.994599 0.100055 0.027589 0.399442 -0.100470 0.994840 0.014096 103.453362 -0.026037 -0.016792 0.999520 0.347062 0.000000 0.000000 0.000000 1.000000
0.994595 0.100044 0.027780 0.396448 -0.100471 0.994836 0.014397 103.453651 -0.026197 -0.017110 0.999510 0.364567 0.000000 0.000000 0.000000 1.000000
0.994605 0.099919 0.027891 0.394968 -0.100354 0.994844 0.014644 103.456062 -0.026284 -0.017364 0.999504 0.381273 0.000000 0.000000 0.000000 1.000000
0.994622 0.099740 0.027896 0.394579 -0.100179 0.994859 0.014833 103.458870 -0.026273 -0.017548 0.999501 0.396617 0.000000 0.000000 0.000000 1.000000
0.994638 0.099603 0.027813 0.393984 -0.100046 0.994870 0.014992 103.459877 -0.026177 -0.017694 0.999501 0.410269 0.000000 0.000000 0.000000 1.000000
0.994644 0.099582 0.027699 0.392141 -0.100026 0.994869 0.015151 103.458031 -0.026048 -0.017841 0.999501 0.422007 0.000000 0.000000 0.000000 1.000000
0.994639 0.099658 0.027605 0.389208 -0.100106 0.994859 0.015318 103.454567 -0.025937 -0.017999 0.999502 0.432005 0.000000 0.000000 0.000000 1.000000
0.994634 0.099723 0.027529 0.386460 -0.100173 0.994850 0.015469 103.452354 -0.025845 -0.018143 0.999501 0.440934 0.000000 0.000000 0.000000 1.000000
0.994645 0.099649 0.027411 0.385016 -0.100099 0.994856 0.015568 103.453445 -0.025719 -0.018228 0.999503 0.449499 0.000000 0.000000 0.000000 1.000000
0.994675 0.099404 0.027195 0.385048 -0.099851 0.994880 0.015595 103.457649 -0.025506 -0.018228 0.999508 0.457969 0.000000 0.000000 0.000000 1.000000
0.994716 0.099082 0.026899 0.385506 -0.099522 0.994914 0.015554 103.462646 -0.025221 -0.018149 0.999517 0.466218 0.000000 0.000000 0.000000 1.000000
0.994751 0.098805 0.026616 0.385204 -0.099237 0.994944 0.015463 103.466454 -0.024954 -0.018023 0.999526 0.474175 0.000000 0.000000 0.000000 1.000000
0.994774 0.098621 0.026450 0.383439 -0.099047 0.994965 0.015335 103.468597 -0.024804 -0.017875 0.999533 0.482185 0.000000 0.000000 0.000000 1.000000
0.994787 0.098489 0.026447 0.380164 -0.098912 0.994980 0.015182 103.470329 -0.024819 -0.017719 0.999535 0.490901 0.000000 0.000000 0.000000 1.000000
0.994797 0.098347 0.026585 0.375451 -0.098768 0.994997 0.015016 103.472740 -0.024975 -0.017564 0.999534 0.500883 0.000000 0.000000 0.000000 1.000000
0.994809 0.098168 0.026795 0.369433 -0.098589 0.995017 0.014855 103.476059 -0.025204 -0.017419 0.999531 0.512278 0.000000 0.000000 0.000000 1.000000
0.994824 0.097958 0.027006 0.362520 -0.098379 0.995040 0.014712 103.479805 -0.025431 -0.017293 0.999527 0.524813 0.000000 0.000000 0.000000 1.000000
0.994842 0.097729 0.027166 0.355473 -0.098149 0.995065 0.014589 103.483574 -0.025606 -0.017180 0.999524 0.537976 0.000000 0.000000 0.000000 1.000000
0.994864 0.097486 0.027253 0.349183 -0.097905 0.995091 0.014473 103.486977 -0.025709 -0.017066 0.999524 0.551069 0.000000 0.000000 0.000000 1.000000
0.994888 0.097238 0.027264 0.343911 -0.097653 0.995117 0.014351 103.489685 -0.025736 -0.016940 0.999525 0.563207 0.000000 0.000000 0.000000 1.000000
0.994913 0.096996 0.027199 0.338936 -0.097407 0.995143 0.014229 103.491669 -0.025687 -0.016806 0.999529 0.573494 0.000000 0.000000 0.000000 1.000000
0.994939 0.096771 0.027052 0.333061 -0.097177 0.995167 0.014119 103.493416 -0.025555 -0.016676 0.999534 0.581298 0.000000 0.000000 0.000000 1.000000
0.994966 0.096554 0.026817 0.325606 -0.096953 0.995190 0.014018 103.495422 -0.025335 -0.016547 0.999542 0.586360 0.000000 0.000000 0.000000 1.000000
0.994996 0.096336 0.026502 0.316875 -0.096728 0.995214 0.013903 103.497688 -0.025036 -0.016397 0.999552 0.588551 0.000000 0.000000 0.000000 1.000000
0.995025 0.096136 0.026129 0.307554 -0.096518 0.995236 0.013758 103.499298 -0.024682 -0.016212 0.999564 0.587630 0.000000 0.000000 0.000000 1.000000
0.995050 0.095992 0.025725 0.297973 -0.096363 0.995253 0.013593 103.499588 -0.024298 -0.016005 0.999577 0.583343 0.000000 0.000000 0.000000 1.000000
0.995068 0.095917 0.025305 0.288245 -0.096278 0.995264 0.013435 103.498718 -0.023896 -0.015805 0.999590 0.575815 0.000000 0.000000 0.000000 1.000000
0.995082 0.095881 0.024859 0.278854 -0.096231 0.995270 0.013297 103.497414 -0.023467 -0.015623 0.999603 0.565845 0.000000 0.000000 0.000000 1.000000
0.995099 0.095828 0.024379 0.270633 -0.096168 0.995278 0.013166 103.496140 -0.023002 -0.015446 0.999616 0.554675 0.000000 0.000000 0.000000 1.000000
0.995121 0.095728 0.023886 0.264080 -0.096057 0.995291 0.013032 103.494804 -0.022526 -0.015263 0.999630 0.543420 0.000000 0.000000 0.000000 1.000000
0.995144 0.095592 0.023452 0.258784 -0.095912 0.995306 0.012913 103.493149 -0.022107 -0.015099 0.999642 0.532747 0.000000 0.000000 0.000000 1.000000
0.995165 0.095446 0.023160 0.253670 -0.095760 0.995321 0.012852 103.491791 -0.021825 -0.015008 0.999649 0.523084 0.000000 0.000000 0.000000 1.000000
0.995182 0.095300 0.023054 0.247682 -0.095613 0.995335 0.012890 103.491699 -0.021718 -0.015032 0.999651 0.514890 0.000000 0.000000 0.000000 1.000000
0.995195 0.095148 0.023118 0.240456 -0.095466 0.995348 0.013021 103.493164 -0.021771 -0.015166 0.999648 0.508445 0.000000 0.000000 0.000000 1.000000
0.995206 0.094986 0.023297 0.232427 -0.095309 0.995360 0.013195 103.495285 -0.021935 -0.015352 0.999642 0.503383 0.000000 0.000000 0.000000 1.000000
0.995217 0.094815 0.023531 0.224370 -0.095146 0.995374 0.013353 103.496620 -0.022156 -0.015528 0.999634 0.498696 0.000000 0.000000 0.000000 1.000000
0.995225 0.094665 0.023770 0.216565 -0.095002 0.995386 0.013474 103.495987 -0.022385 -0.015668 0.999627 0.493312 0.000000 0.000000 0.000000 1.000000
0.995228 0.094581 0.023979 0.208544 -0.094924 0.995392 0.013585 103.492958 -0.022584 -0.015797 0.999620 0.486625 0.000000 0.000000 0.000000 1.000000
0.995223 0.094597 0.024150 0.199324 -0.094946 0.995388 0.013733 103.488007 -0.022739 -0.015961 0.999614 0.478610 0.000000 0.000000 0.000000 1.000000
0.995208 0.094713 0.024290 0.187989 -0.095069 0.995373 0.013934 103.481583 -0.022858 -0.016176 0.999608 0.469766 0.000000 0.000000 0.000000 1.000000
0.995189 0.094888 0.024406 0.174065 -0.095251 0.995353 0.014160 103.474228 -0.022949 -0.016416 0.999602 0.461098 0.000000 0.000000 0.000000 1.000000
0.995170 0.095065 0.024484 0.157621 -0.095434 0.995332 0.014369 103.466499 -0.023004 -0.016636 0.999597 0.454071 0.000000 0.000000 0.000000 1.000000
0.995157 0.095197 0.024507 0.138862 -0.095571 0.995316 0.014543 103.459473 -0.023008 -0.016815 0.999594 0.450026 0.000000 0.000000 0.000000 1.000000
0.995152 0.095253 0.024480 0.117976 -0.095630 0.995308 0.014695 103.454269 -0.022965 -0.016965 0.999592 0.449308 0.000000 0.000000 0.000000 1.000000
0.995156 0.095220 0.024439 0.095298 -0.095599 0.995309 0.014833 103.451660 -0.022912 -0.017098 0.999591 0.450859 0.000000 0.000000 0.000000 1.000000
0.995167 0.095107 0.024428 0.071699 -0.095488 0.995319 0.014936 103.451324 -0.022893 -0.017197 0.999590 0.452886 0.000000 0.000000 0.000000 1.000000
0.995182 0.094943 0.024456 0.048359 -0.095326 0.995334 0.014965 103.451912 -0.022921 -0.017224 0.999589 0.454069 0.000000 0.000000 0.000000 1.000000
0.995198 0.094768 0.024486 0.026251 -0.095150 0.995351 0.014905 103.452118 -0.022960 -0.017164 0.999589 0.454200 0.000000 0.000000 0.000000 1.000000
0.995214 0.094606 0.024473 0.005458 -0.094985 0.995369 0.014795 103.451302 -0.022960 -0.017048 0.999591 0.453684 0.000000 0.000000 0.000000 1.000000
0.995229 0.094468 0.024413 -0.014339 -0.094843 0.995384 0.014687 103.449509 -0.022913 -0.016933 0.999594 0.452675 0.000000 0.000000 0.000000 1.000000
0.995240 0.094360 0.024374 -0.033476 -0.094733 0.995396 0.014611 103.447090 -0.022883 -0.016850 0.999596 0.450854 0.000000 0.000000 0.000000 1.000000
0.995245 0.094284 0.024443 -0.051683 -0.094656 0.995404 0.014548 103.444153 -0.022959 -0.016792 0.999595 0.447867 0.000000 0.000000 0.000000 1.000000
0.995246 0.094224 0.024641 -0.068238 -0.094598 0.995410 0.014467 103.440933 -0.023165 -0.016729 0.999592 0.443766 0.000000 0.000000 0.000000 1.000000
0.995247 0.094157 0.024876 -0.082650 -0.094532 0.995418 0.014357 103.438080 -0.023411 -0.016640 0.999587 0.438924 0.000000 0.000000 0.000000 1.000000
0.995253 0.094056 0.025000 -0.094999 -0.094430 0.995430 0.014225 103.436272 -0.023547 -0.016519 0.999586 0.433503 0.000000 0.000000 0.000000 1.000000
0.995268 0.093916 0.024941 -0.105588 -0.094285 0.995446 0.014074 103.435654 -0.023506 -0.016359 0.999590 0.427111 0.000000 0.000000 0.000000 1.000000
0.995287 0.093757 0.024779 -0.114474 -0.094119 0.995464 0.013882 103.435799 -0.023365 -0.016149 0.999597 0.419152 0.000000 0.000000 0.000000 1.000000
0.995303 0.093619 0.024656 -0.121604 -0.093973 0.995481 0.013637 103.435883 -0.023268 -0.015889 0.999603 0.409572 0.000000 0.000000 0.000000 1.000000
0.995310 0.093543 0.024644 -0.127217 -0.093891 0.995493 0.013360 103.435318 -0.023283 -0.015611 0.999607 0.399141 0.000000 0.000000 0.000000 1.000000
0.995308 0.093558 0.024686 -0.131904 -0.093900 0.995495 0.013096 103.433800 -0.023350 -0.015353 0.999609 0.388859 0.000000 0.000000 0.000000 1.000000
0.995300 0.093646 0.024670 -0.135888 -0.093982 0.995491 0.012868 103.431534 -0.023354 -0.015126 0.999613 0.379160 0.000000 0.000000 0.000000 1.000000
0.995294 0.093749 0.024529 -0.138449 -0.094079 0.995484 0.012658 103.429260 -0.023232 -0.014906 0.999619 0.369897 0.000000 0.000000 0.000000 1.000000
0.995295 0.093805 0.024277 -0.138863 -0.094126 0.995483 0.012437 103.428146 -0.023001 -0.014663 0.999628 0.361023 0.000000 0.000000 0.000000 1.000000
0.995303 0.093795 0.023989 -0.137021 -0.094106 0.995487 0.012201 103.428879 -0.022737 -0.014402 0.999638 0.352927 0.000000 0.000000 0.000000 1.000000
0.995311 0.093763 0.023765 -0.133471 -0.094066 0.995494 0.011974 103.430946 -0.022535 -0.014153 0.999646 0.346089 0.000000 0.000000 0.000000 1.000000
0.995312 0.093768 0.023688 -0.128833 -0.094066 0.995496 0.011774 103.432991 -0.022477 -0.013947 0.999650 0.340551 0.000000 0.000000 0.000000 1.000000
0.995304 0.093827 0.023790 -0.123129 -0.094122 0.995493 0.011596 103.434067 -0.022595 -0.013781 0.999650 0.335923 0.000000 0.000000 0.000000 1.000000
0.995292 0.093891 0.024032 -0.116219 -0.094186 0.995489 0.011425 103.434189 -0.022850 -0.013635 0.999646 0.331825 0.000000 0.000000 0.000000 1.000000
0.995284 0.093911 0.024319 -0.108251 -0.094206 0.995489 0.011262 103.434044 -0.023152 -0.013500 0.999641 0.328283 0.000000 0.000000 0.000000 1.000000
0.995280 0.093883 0.024564 -0.099842 -0.094177 0.995493 0.011132 103.433983 -0.023408 -0.013393 0.999636 0.325750 0.000000 0.000000 0.000000 1.000000
0.995279 0.093852 0.024717 -0.091720 -0.094147 0.995497 0.011061 103.434006 -0.023568 -0.013336 0.999633 0.324762 0.000000 0.000000 0.000000 1.000000
0.995278 0.093854 0.024773 -0.084538 -0.094150 0.995497 0.011055 103.434181 -0.023624 -0.013335 0.999632 0.325471 0.000000 0.000000 0.000000 1.000000
0.995276 0.093878 0.024755 -0.078105 -0.094175 0.995494 0.011089 103.434875 -0.023602 -0.013368 0.999632 0.327377 0.000000 0.000000 0.000000 1.000000
0.995277 0.093879 0.024710 -0.071776 -0.094176 0.995493 0.011121 103.436440 -0.023554 -0.013396 0.999633 0.329543 0.000000 0.000000 0.000000 1.000000
0.995281 0.093838 0.024687 -0.065050 -0.094134 0.995497 0.011117 103.438553 -0.023532 -0.013389 0.999633 0.331125 0.000000 0.000000 0.000000 1.000000
0.995286 0.093779 0.024713 -0.058333 -0.094075 0.995504 0.011078 103.440536 -0.023563 -0.013350 0.999633 0.331824 0.000000 0.000000 0.000000 1.000000
0.995287 0.093753 0.024794 -0.052609 -0.094048 0.995507 0.011031 103.441780 -0.023648 -0.013311 0.999632 0.331914 0.000000 0.000000 0.000000 1.000000
0.995281 0.093782 0.024928 -0.048188 -0.094078 0.995504 0.011001 103.442268 -0.023785 -0.013294 0.999629 0.331891 0.000000 0.000000 0.000000 1.000000
0.995269 0.093850 0.025125 -0.044101 -0.094149 0.995498 0.010977 103.442253 -0.023982 -0.013291 0.999624 0.332013 0.000000 0.000000 0.000000 1.000000
0.995256 0.093929 0.025371 -0.039157 -0.094230 0.995490 0.010942 103.442024 -0.024229 -0.013280 0.999618 0.332174 0.000000 0.000000 0.000000 1.000000
0.995242 0.094012 0.025608 -0.033515 -0.094316 0.995483 0.010908 103.441673 -0.024466 -0.013271 0.999613 0.332165 0.000000 0.000000 0.000000 1.000000
0.995228 0.094118 0.025764 -0.028618 -0.094423 0.995472 0.010917 103.441277 -0.024620 -0.013297 0.999608 0.331972 0.000000 0.000000 0.000000 1.000000
0.995214 0.094250 0.025813 -0.025204 -0.094558 0.995459 0.010979 103.440773 -0.024661 -0.013367 0.999607 0.331674 0.000000 0.000000 0.000000 1.000000
0.995201 0.094385 0.025799 -0.022330 -0.094694 0.995445 0.011043 103.440125 -0.024639 -0.013433 0.999606 0.331181 0.000000 0.000000 0.000000 1.000000
0.995190 0.094503 0.025798 -0.018509 -0.094812 0.995434 0.011045 103.439293 -0.024636 -0.013438 0.999606 0.330182 0.000000 0.000000 0.000000 1.000000
0.995177 0.094622 0.025863 -0.013146 -0.094930 0.995423 0.010970 103.438087 -0.024706 -0.013373 0.999605 0.328371 0.000000 0.000000 0.000000 1.000000
0.995159 0.094779 0.025984 -0.006582 -0.095087 0.995410 0.010864 103.436844 -0.024835 -0.013282 0.999603 0.325750 0.000000 0.000000 0.000000 1.000000
0.995137 0.094978 0.026092 0.001026 -0.095285 0.995392 0.010786 103.436195 -0.024947 -0.013220 0.999601 0.322809 0.000000 0.000000 0.000000 1.000000
0.995119 0.095165 0.026102 0.010064 -0.095472 0.995374 0.010767 103.437004 -0.024956 -0.013206 0.999601 0.320290 0.000000 0.000000 0.000000 1.000000
0.995113 0.095264 0.025989 0.020953 -0.095570 0.995364 0.010787 103.439774 -0.024841 -0.013218 0.999604 0.318580 0.000000 0.000000 0.000000 1.000000
0.995119 0.095244 0.025829 0.033735 -0.095548 0.995366 0.010803 103.443886 -0.024681 -0.013218 0.999608 0.317272 0.000000 0.000000 0.000000 1.000000
0.995130 0.095151 0.025742 0.047973 -0.095453 0.995375 0.010795 103.448181 -0.024596 -0.013200 0.999610 0.315474 0.000000 0.000000 0.000000 1.000000
0.995137 0.095068 0.025792 0.062776 -0.095372 0.995383 0.010789 103.451576 -0.024647 -0.013196 0.999609 0.312517 0.000000 0.000000 0.000000 1.000000
0.995135 0.095043 0.025942 0.077215 -0.095349 0.995385 0.010828 103.454018 -0.024793 -0.013249 0.999605 0.308304 0.000000 0.000000 0.000000 1.000000
0.995131 0.095046 0.026097 0.090883 -0.095357 0.995383 0.010929 103.456551 -0.024938 -0.013364 0.999600 0.303007 0.000000 0.000000 0.000000 1.000000
0.995131 0.095022 0.026186 0.104057 -0.095338 0.995384 0.011062 103.460075 -0.025014 -0.013504 0.999596 0.296620 0.000000 0.000000 0.000000 1.000000
0.995136 0.094958 0.026208 0.116843 -0.095277 0.995388 0.011184 103.464256 -0.025025 -0.013626 0.999594 0.288785 0.000000 0.000000 0.000000 1.000000
0.995141 0.094905 0.026214 0.128672 -0.095226 0.995392 0.011278 103.467537 -0.025023 -0.013719 0.999593 0.279075 0.000000 0.000000 0.000000 1.000000
0.995138 0.094928 0.026248 0.138355 -0.095251 0.995388 0.011360 103.468544 -0.025049 -0.013805 0.999591 0.267398 0.000000 0.000000 0.000000 1.000000
0.995125 0.095043 0.026315 0.145050 -0.095370 0.995376 0.011459 103.467308 -0.025104 -0.013913 0.999588 0.254277 0.000000 0.000000 0.000000 1.000000
0.995109 0.095200 0.026374 0.149285 -0.095531 0.995359 0.011587 103.465210 -0.025148 -0.014050 0.999585 0.240693 0.000000 0.000000 0.000000 1.000000
0.995096 0.095334 0.026382 0.152023 -0.095669 0.995344 0.011741 103.463577 -0.025140 -0.014207 0.999583 0.227599 0.000000 0.000000 0.000000 1.000000
0.995089 0.095423 0.026327 0.153295 -0.095761 0.995333 0.011911 103.462708 -0.025067 -0.014374 0.999582 0.215317 0.000000 0.000000 0.000000 1.000000
0.995084 0.095495 0.026236 0.151886 -0.095837 0.995324 0.012091 103.462021 -0.024959 -0.014546 0.999583 0.203271 0.000000 0.000000 0.000000 1.000000
0.995077 0.095587 0.026173 0.146475 -0.095932 0.995312 0.012264 103.460693 -0.024878 -0.014715 0.999582 0.190246 0.000000 0.000000 0.000000 1.000000
0.995064 0.095712 0.026210 0.137232 -0.096062 0.995298 0.012404 103.458435 -0.024900 -0.014861 0.999579 0.175178 0.000000 0.000000 0.000000 1.000000
0.995046 0.095852 0.026391 0.125807 -0.096207 0.995283 0.012498 103.455551 -0.025068 -0.014975 0.999574 0.157940 0.000000 0.000000 0.000000 1.000000
0.995026 0.095976 0.026678 0.113898 -0.096337 0.995269 0.012574 103.452522 -0.025345 -0.015082 0.999565 0.139448 0.000000 0.000000 0.000000 1.000000
0.995011 0.096050 0.026960 0.102176 -0.096418 0.995260 0.012683 103.449814 -0.025614 -0.015219 0.999556 0.120988 0.000000 0.000000 0.000000 1.000000
0.995006 0.096053 0.027137 0.090273 -0.096428 0.995257 0.012849 103.447548 -0.025774 -0.015401 0.999549 0.103380 0.000000 0.000000 0.000000 1.000000
0.995011 0.095983 0.027206 0.077719 -0.096364 0.995261 0.013052 103.445450 -0.025824 -0.015608 0.999545 0.086768 0.000000 0.000000 0.000000 1.000000
0.995021 0.095858 0.027267 0.064172 -0.096245 0.995269 0.013252 103.443069 -0.025867 -0.015810 0.999540 0.071090 0.000000 0.000000 0.000000 1.000000
0.995032 0.095707 0.027422 0.049276 -0.096101 0.995281 0.013436 103.440086 -0.026006 -0.016004 0.999534 0.056668 0.000000 0.000000 0.000000 1.000000
0.995039 0.095556 0.027685 0.032218 -0.095959 0.995292 0.013620 103.436462 -0.026254 -0.016209 0.999524 0.044431 0.000000 0.000000 0.000000 1.000000
0.995043 0.095423 0.027988 0.012158 -0.095836 0.995301 0.013828 103.432655 -0.026537 -0.016442 0.999513 0.035667 0.000000 0.000000 0.000000 1.000000
0.995048 0.095300 0.028251 -0.010986 -0.095725 0.995308 0.014074 103.429420 -0.026778 -0.016709 0.999502 0.031417 0.000000 0.000000 0.000000 1.000000
0.995054 0.095176 0.028441 -0.036411 -0.095611 0.995315 0.014362 103.427452 -0.026941 -0.017010 0.999492 0.031866 0.000000 0.000000 0.000000 1.000000
0.995064 0.095038 0.028559 -0.062789 -0.095484 0.995323 0.014690 103.426697 -0.027030 -0.017345 0.999484 0.035962 0.000000 0.000000 0.000000 1.000000
0.995076 0.094893 0.028607 -0.089047 -0.095349 0.995330 0.015036 103.426208 -0.027046 -0.017690 0.999478 0.041611 0.000000 0.000000 0.000000 1.000000
0.995091 0.094749 0.028569 -0.114187 -0.095213 0.995339 0.015345 103.424889 -0.026982 -0.017989 0.999474 0.046447 0.000000 0.000000 0.000000 1.000000
0.995109 0.094604 0.028434 -0.137411 -0.095072 0.995349 0.015551 103.422554 -0.026831 -0.018179 0.999475 0.048892 0.000000 0.000000 0.000000 1.000000
0.995131 0.094443 0.028208 -0.158374 -0.094908 0.995363 0.015639 103.420303 -0.026600 -0.018240 0.999480 0.048749 0.000000 0.000000 0.000000 1.000000
0.995157 0.094247 0.027913 -0.177364 -0.094707 0.995382 0.015654 103.419228 -0.026308 -0.018222 0.999488 0.046782 0.000000 0.000000 0.000000 1.000000
0.995188 0.094020 0.027580 -0.195135 -0.094474 0.995404 0.015658 103.419121 -0.025981 -0.018188 0.999497 0.043663 0.000000 0.000000 0.000000 1.000000
0.995218 0.093795 0.027250 -0.212009 -0.094244 0.995426 0.015660 103.418427 -0.025656 -0.018154 0.999506 0.039370 0.000000 0.000000 0.000000 1.000000
0.995243 0.093614 0.026961 -0.227957 -0.094056 0.995444 0.015620 103.416107 -0.025376 -0.018081 0.999514 0.033595 0.000000 0.000000 0.000000 1.000000
0.995263 0.093476 0.026734 -0.242937 -0.093911 0.995460 0.015503 103.412910 -0.025164 -0.017940 0.999522 0.026637 0.000000 0.000000 0.000000 1.000000
0.995281 0.093323 0.026566 -0.257089 -0.093750 0.995478 0.015318 103.410812 -0.025016 -0.017737 0.999530 0.019784 0.000000 0.000000 0.000000 1.000000
0.995307 0.093080 0.026445 -0.270712 -0.093499 0.995505 0.015097 103.411263 -0.024921 -0.017499 0.999536 0.014762 0.000000 0.000000 0.000000 1.000000
0.995343 0.092721 0.026379 -0.284209 -0.093133 0.995543 0.014864 103.414009 -0.024883 -0.017251 0.999542 0.012913 0.000000 0.000000 0.000000 1.000000
0.995381 0.092297 0.026404 -0.298220 -0.092704 0.995586 0.014644 103.417557 -0.024936 -0.017024 0.999544 0.014812 0.000000 0.000000 0.000000 1.000000
0.995414 0.091890 0.026574 -0.313371 -0.092296 0.995626 0.014472 103.420372 -0.025128 -0.016858 0.999542 0.020416 0.000000 0.000000 0.000000 1.000000
0.995436 0.091562 0.026909 -0.330225 -0.091971 0.995658 0.014383 103.421783 -0.025475 -0.016792 0.999534 0.029276 0.000000 0.000000 0.000000 1.000000
0.995445 0.091331 0.027358 -0.349190 -0.091748 0.995678 0.014389 103.421951 -0.025926 -0.016834 0.999522 0.040514 0.000000 0.000000 0.000000 1.000000
0.995446 0.091182 0.027805 -0.370163 -0.091608 0.995690 0.014469 103.421272 -0.026365 -0.016950 0.999509 0.052863 0.000000 0.000000 0.000000 1.000000
0.995446 0.091082 0.028118 -0.392231 -0.091517 0.995697 0.014579 103.419876 -0.026669 -0.017086 0.999498 0.064992 0.000000 0.000000 0.000000 1.000000
0.995451 0.091002 0.028217 -0.413921 -0.091441 0.995702 0.014680 103.418007 -0.026760 -0.017193 0.999494 0.075965 0.000000 0.000000 0.000000 1.000000
0.995461 0.090928 0.028099 -0.434103 -0.091367 0.995708 0.014771 103.415825 -0.026635 -0.017272 0.999496 0.085471 0.000000 0.000000 0.000000 1.000000
0.995475 0.090860 0.027826 -0.452838 -0.091299 0.995712 0.014899 103.413834 -0.026353 -0.017372 0.999502 0.093607 0.000000 0.000000 0.000000 1.000000
0.995490 0.090789 0.027498 -0.470671 -0.091227 0.995716 0.015097 103.412811 -0.026010 -0.017538 0.999508 0.100376 0.000000 0.000000 0.000000 1.000000
0.995507 0.090691 0.027218 -0.487175 -0.091130 0.995721 0.015328 103.413078 -0.025711 -0.017740 0.999512 0.105489 0.000000 0.000000 0.000000 1.000000
0.995525 0.090552 0.027033 -0.501148 -0.090992 0.995731 0.015498 103.414070 -0.025514 -0.017888 0.999514 0.108599 0.000000 0.000000 0.000000 1.000000
0.995542 0.090394 0.026924 -0.512084 -0.090832 0.995745 0.015549 103.414436 -0.025403 -0.017926 0.999517 0.109591 0.000000 0.000000 0.000000 1.000000
0.995555 0.090271 0.026850 -0.520994 -0.090708 0.995757 0.015521 103.413033 -0.025335 -0.017887 0.999519 0.108629 0.000000 0.000000 0.000000 1.000000
0.995560 0.090226 0.026819 -0.529407 -0.090662 0.995761 0.015491 103.410019 -0.025308 -0.017853 0.999520 0.105935 0.000000 0.000000 0.000000 1.000000
0.995555 0.090262 0.026890 -0.537627 -0.090699 0.995758 0.015494 103.406616 -0.025377 -0.017864 0.999518 0.101679 0.000000 0.000000 0.000000 1.000000
0.995542 0.090349 0.027090 -0.544702 -0.090790 0.995749 0.015505 103.403847 -0.025574 -0.017896 0.999513 0.096089 0.000000 0.000000 0.000000 1.000000
0.995525 0.090455 0.027360 -0.549644 -0.090900 0.995739 0.015494 103.401535 -0.025842 -0.017912 0.999506 0.089456 0.000000 0.000000 0.000000 1.000000
0.995509 0.090560 0.027579 -0.552613 -0.091009 0.995730 0.015456 103.398918 -0.026062 -0.017897 0.999500 0.081796 0.000000 0.000000 0.000000 1.000000
0.995498 0.090654 0.027666 -0.554204 -0.091103 0.995722 0.015399 103.395859 -0.026152 -0.017850 0.999499 0.072421 0.000000 0.000000 0.000000 1.000000
0.995494 0.090707 0.027634 -0.554773 -0.091153 0.995719 0.015321 103.393631 -0.026126 -0.017771 0.999501 0.060279 0.000000 0.000000 0.000000 1.000000
0.995497 0.090696 0.027556 -0.554179 -0.091137 0.995722 0.015221 103.393753 -0.026058 -0.017664 0.999504 0.045062 0.000000 0.000000 0.000000 1.000000
0.995505 0.090633 0.027487 -0.552637 -0.091071 0.995730 0.015113 103.396088 -0.026000 -0.017548 0.999508 0.027842 0.000000 0.000000 0.000000 1.000000
0.995512 0.090579 0.027419 -0.550770 -0.091013 0.995736 0.015023 103.398621 -0.025942 -0.017451 0.999511 0.010489 0.000000 0.000000 0.000000 1.000000
0.995514 0.090581 0.027327 -0.549079 -0.091012 0.995737 0.014966 103.399155 -0.025854 -0.017386 0.999515 -0.005552 0.000000 0.000000 0.000000 1.000000
0.995511 0.090642 0.027222 -0.547533 -0.091070 0.995732 0.014942 103.397194 -0.025751 -0.017354 0.999518 -0.019690 0.000000 0.000000 0.000000 1.000000
0.995505 0.090730 0.027163 -0.545787 -0.091158 0.995724 0.014944 103.393661 -0.025691 -0.017353 0.999519 -0.031572 0.000000 0.000000 0.000000 1.000000
0.995495 0.090834 0.027193 -0.543808 -0.091264 0.995714 0.014990 103.389542 -0.025715 -0.017404 0.999518 -0.040413 0.000000 0.000000 0.000000 1.000000
0.995479 0.090974 0.027287 -0.541632 -0.091409 0.995699 0.015123 103.385338 -0.025794 -0.017549 0.999513 -0.045240 0.000000 0.000000 0.000000 1.000000
0.995461 0.091153 0.027375 -0.539365 -0.091596 0.995678 0.015376 103.381783 -0.025855 -0.017814 0.999507 -0.045730 0.000000 0.000000 0.000000 1.000000
0.995444 0.091323 0.027406 -0.536670 -0.091775 0.995656 0.015724 103.380058 -0.025851 -0.018167 0.999501 -0.042685 0.000000 0.000000 0.000000 1.000000
0.995438 0.091400 0.027382 -0.532851 -0.091861 0.995642 0.016073 103.381058 -0.025794 -0.018515 0.999496 -0.037697 0.000000 0.000000 0.000000 1.000000
0.995443 0.091354 0.027343 -0.527481 -0.091820 0.995642 0.016329 103.384163 -0.025732 -0.018765 0.999493 -0.032458 0.000000 0.000000 0.000000 1.000000
0.995453 0.091246 0.027337 -0.520641 -0.091716 0.995649 0.016458 103.387260 -0.025716 -0.018890 0.999491 -0.028385 0.000000 0.000000 0.000000 1.000000
0.995457 0.091182 0.027401 -0.512659 -0.091655 0.995654 0.016500 103.388550 -0.025777 -0.018936 0.999488 -0.026536 0.000000 0.000000 0.000000 1.000000
0.995450 0.091213 0.027542 -0.503596 -0.091688 0.995651 0.016510 103.387909 -0.025916 -0.018960 0.999484 -0.027392 0.000000 0.000000 0.000000 1.000000
0.995438 0.091292 0.027713 -0.493236 -0.091771 0.995643 0.016517 103.386963 -0.026085 -0.018985 0.999479 -0.030602 0.000000 0.000000 0.000000 1.000000
0.995430 0.091349 0.027835 -0.481648 -0.091830 0.995638 0.016525 103.387047 -0.026204 -0.019005 0.999476 -0.035096 0.000000 0.000000 0.000000 1.000000
0.995428 0.091363 0.027859 -0.469333 -0.091845 0.995636 0.016540 103.388237 -0.026226 -0.019023 0.999475 -0.039799 0.000000 0.000000 0.000000 1.000000
0.995429 0.091366 0.027813 -0.456972 -0.091848 0.995635 0.016577 103.389481 -0.026177 -0.019056 0.999476 -0.044265 0.000000 0.000000 0.000000 1.000000
0.995427 0.091393 0.027782 -0.444873 -0.091876 0.995631 0.016639 103.390076 -0.026140 -0.019115 0.999476 -0.048702 0.000000 0.000000 0.000000 1.000000
0.995421 0.091444 0.027835 -0.433015 -0.091930 0.995625 0.016715 103.390053 -0.026185 -0.019197 0.999473 -0.053497 0.000000 0.000000 0.000000 1.000000
0.995411 0.091511 0.027975 -0.421608 -0.092002 0.995617 0.016788 103.389763 -0.026316 -0.019285 0.999468 -0.058765 0.000000 0.000000 0.000000 1.000000
0.995398 0.091598 0.028144 -0.411100 -0.092093 0.995608 0.016847 103.389374 -0.026478 -0.019362 0.999462 -0.064241 0.000000 0.000000 0.000000 1.000000
0.995384 0.091707 0.028282 -0.401831 -0.092206 0.995597 0.016885 103.389160 -0.026609 -0.019415 0.999457 -0.069447 0.000000 0.000000 0.000000 1.000000
0.995371 0.091823 0.028368 -0.393658 -0.092325 0.995586 0.016901 103.389572 -0.026691 -0.019442 0.999455 -0.073932 0.000000 0.000000 0.000000 1.000000
0.995359 0.091934 0.028426 -0.385921 -0.092436 0.995575 0.016905 103.390617 -0.026746 -0.019455 0.999453 -0.077360 0.000000 0.000000 0.000000 1.000000
0.995347 0.092048 0.028487 -0.378156 -0.092552 0.995564 0.016923 103.391647 -0.026803 -0.019481 0.999451 -0.079458 0.000000 0.000000 0.000000 1.000000
0.995332 0.092184 0.028555 -0.370599 -0.092691 0.995550 0.016974 103.391869 -0.026863 -0.019541 0.999448 -0.080076 0.000000 0.000000 0.000000 1.000000
0.995318 0.092327 0.028603 -0.363779 -0.092837 0.995535 0.017055 103.391205 -0.026900 -0.019631 0.999445 -0.079365 0.000000 0.000000 0.000000 1.000000
0.995307 0.092442 0.028601 -0.358225 -0.092954 0.995523 0.017147 103.390205 -0.026888 -0.019725 0.999444 -0.077831 0.000000 0.000000 0.000000 1.000000
0.995302 0.092518 0.028544 -0.353858 -0.093032 0.995514 0.017226 103.389366 -0.026822 -0.019801 0.999444 -0.076036 0.000000 0.000000 0.000000 1.000000
0.995297 0.092598 0.028464 -0.350402 -0.093112 0.995506 0.017282 103.388268 -0.026736 -0.019851 0.999445 -0.074249 0.000000 0.000000 0.000000 1.000000
0.995285 0.092740 0.028406 -0.347595 -0.093253 0.995492 0.017319 103.386528 -0.026672 -0.019886 0.999446 -0.072467 0.000000 0.000000 0.000000 1.000000
0.995267 0.092942 0.028388 -0.345112 -0.093456 0.995472 0.017346 103.384331 -0.026647 -0.019917 0.999446 -0.070815 0.000000 0.000000 0.000000 1.000000
0.995249 0.093139 0.028375 -0.342420 -0.093653 0.995454 0.017355 103.382828 -0.026630 -0.019930 0.999447 -0.069714 0.000000 0.000000 0.000000 1.000000
0.995240 0.093251 0.028310 -0.338557 -0.093762 0.995444 0.017310 103.382751 -0.026567 -0.019882 0.999449 -0.069574 0.000000 0.000000 0.000000 1.000000
0.995244 0.093253 0.028167 -0.332910 -0.093759 0.995447 0.017175 103.383865 -0.026437 -0.019735 0.999456 -0.070336 0.000000 0.000000 0.000000 1.000000
0.995256 0.093186 0.027968 -0.325728 -0.093682 0.995458 0.016967 103.385147 -0.026260 -0.019506 0.999465 -0.071493 0.000000 0.000000 0.000000 1.000000
0.995269 0.093110 0.027766 -0.318219 -0.093596 0.995469 0.016751 103.386131 -0.026080 -0.019271 0.999474 -0.072554 0.000000 0.000000 0.000000 1.000000
0.995278 0.093056 0.027604 -0.311528 -0.093534 0.995478 0.016591 103.387146 -0.025935 -0.019094 0.999481 -0.073399 0.000000 0.000000 0.000000 1.000000
0.995283 0.093030 0.027503 -0.306006 -0.093504 0.995482 0.016484 103.388428 -0.025845 -0.018978 0.999486 -0.074095 0.000000 0.000000 0.000000 1.000000
0.995285 0.093028 0.027452 -0.301510 -0.093499 0.995485 0.016383 103.389664 -0.025804 -0.018872 0.999489 -0.074460 0.000000 0.000000 0.000000 1.000000
0.995285 0.093038 0.027410 -0.297881 -0.093504 0.995486 0.016253 103.390251 -0.025774 -0.018740 0.999492 -0.074000 0.000000 0.000000 0.000000 1.000000
0.995287 0.093037 0.027339 -0.295093 -0.093498 0.995489 0.016101 103.390442 -0.025718 -0.018582 0.999497 -0.072298 0.000000 0.000000 0.000000 1.000000
